28
19
37
74
80
75
82
21
48
37
22
55
5
32
84
90
39
83
2
81
10
55
58
68
25
7
28
54
90
32
23
52
46
13
39
17
69
48
43
94
8
86
70
93
56
32
85
22
33
51
66
84
74
41
74
92
88
85
66
82
97
82
15
85
11
47
83
46
55
73
29
39
7
65
78
86
42
34
58
8
58
45
7
15
96
26
62
81
93
25
61
12
90
20
9
18
63
69
5
39
75
9
43
27
99
89
84
95
51
48
45
94
56
16
39
93
91
47
86
28
42
94
86
93
80
84
61
58
45
35
4
61
15
71
5
68
36
79
97
67
18
45
12
58
62
24
56
26
18
3
30
55
34
69
88
69
27
76
47
54
91
11
59
58
9
40
61
3
63
67
99
33
26
53
46
14
13
42
17
1
79
49
96
24
66
36
84
61
34
55
63
87
36
74
17
62
35
50
76
10
29
92
42
8
3
61
57
9
39
52
57
93
31
2
14
27
31
89
62
76
56
38
31
72
8
8
96
88
19
96
39
98
72
5
53
92
24
19
74
26
69
40
81
62
73
38
31
93
19
33
83
7
89
2
92
56
34
8
90
40
36
35
59
16
33
65
26
70
14
31
52
80
29
8
67
48
52
89
19
86
17
82
82
30
81
85
12
27
39
76
61
98
5
80
68
39
46
42
32
11
39
67
65
25
41
63
64
80
60
53
69
3
10
61
62
7
26
84
73
98
42
29
45
37
94
6
20
85
44
12
11
66
18
50
9
45
22
25
92
68
39
79
97
72
75
2
99
79
62
55
85
26
62
87
48
7
17
44
90
3
55
64
75
72
13
68
3
58
89
19
45
10
76
84
40
63
94
45
43
81
75
14
77
95
13
82
49
46
34
88
75
72
7
93
10
53
34
64
85
20
57
83
89
83
6
39
54
73
41
44
14
24
99
32
99
28
5
57
1
77
52
92
95
15
21
9
71
13
38
45
23
20
32
63
59
55
9
74
21
40
85
60
4
7
15
46
27
80
46
62
24
8
27
64
91
78
18
24
86
44
29
72
94
77
24
14
66
74
13
81
42
30
94
62
77
11
50
48
52
41
44
56
14
29
60
75
25
51
14
64
57
19
58
68
9
53
33
1
87
72
93
12
42
46
37
31
69
3
78
92
93
35
97
11
37
15
99
58
83
53
24
64
55
98
22
18
93
37
62
97
78
68
71
74
66
28
73
53
89
36
20
88
89
21
7
3
31
28
41
99
71
39
56
66
23
26
65
62
96
55
7
88
61
64
17
38
81
47
61
31
16
46
44
10
1
93
67
21
8
11
26
48
19
98
21
27
76
29
78
1
92
68
61
65
33
47
44
32
79
10
57
69
1
51
64
87
10
77
70
65
48
91
42
15
74
55
18
4
5
19
3
95
72
71
17
32
61
86
17
43
68
56
14
86
67
58
42
12
22
37
6
39
7
83
28
64
12
66
52
73
65
94
19
66
53
91
61
99
86
38
43
19
84
61
79
9
12
53
86
30
60
67
61
60
9
85
64
24
26
25
20
14
91
36
61
91
70
94
79
88
21
42
78
66
81
36
4
72
1
12
54
53
77
98
19
56
52
79
81
82
32
57
16
17
84
7
9
11
84
77
51
30
47
22
26
51
37
23
28
22
72
90
44
49
40
96
57
59
6
29
55
83
67
24
33
83
20
60
86
21
75
72
58
63
21
86
38
1
48
1
90
12
41
31
9
45
41
61
56
17
14
87
10
32
92
23
58
21
46
27
67
81
46
46
73
38
70
29
9
95
38
83
30
8
86
61
41
28
94
25
86
79
86
89
15
92
89
81
77
48
80
28
70
7
21
98
68
13
95
25
82
83
50
16
81
81
63
89
87
46
34
57
20
14
10
52
86
89
61
64
74
94
15
64
61
74
48
66
13
55
64
37
51
67
45
79
74
17
1
12
34
4
21
59
25
90
43
80
90
6
34
71
26
97
11
25
54
19
94
19
73
43
23
11
50
9
12
93
36
6
94
10
20
66
31
69
64
90
13
63
37
83
54
34
9
4
3
80
10
37
51
59
13
61
84
76
64
29
59
4
90
49
18
44
27
59
67
57
98
9
20
72
83
25
90
21
97
69
96
87
33
80
29
28
90
9
37
48
25
13
15
98
60
58
10
65
85
64
53
29
88
43
39
63
34
91
37
33
60
59
72
85
79
65
63
95
62
88
39
27
11
99
34
93
64
54
87
5
74
27
32
27
86
5
12
79
41
4
3
6
